{
 "cells": [
  {
   "cell_type": "markdown",
   "metadata": {},
   "source": [
    "## Wine dataset\n",
    "We will be looking at a dataset that consists of wine statistics by wine category.  \n",
    "\n",
    "(1) Modify the following to see the head of the wine data file.  (You should specify the relative path of the data.)"
   ]
  },
  {
   "cell_type": "code",
   "execution_count": 4,
   "metadata": {
    "collapsed": false
   },
   "outputs": [
    {
     "name": "stdout",
     "output_type": "stream",
     "text": [
      "#The next 14 lines are the variable names, then the remaining lines are the data in csv\n",
      "\n"
     ]
    }
   ],
   "source": [
    "# ??????????????????????????\n",
    "#!head wine.data.txt\n",
    "#import pandas as pd\n",
    "#from sklearn import datasets\n",
    "with open(\"wine.data.txt\",\"r+\") as wine:\n",
    "    #print wine = wine.readlines()    # the reason for using readlines instead of read is because read read a;; the lines together as a whole string\n",
    "    wine = wine.readlines()\n",
    "#    print head(wine[1:])\n",
    "    print wine[0]"
   ]
  },
  {
   "cell_type": "code",
   "execution_count": 1,
   "metadata": {
    "collapsed": false
   },
   "outputs": [
    {
     "ename": "NameError",
     "evalue": "name 'wine' is not defined",
     "output_type": "error",
     "traceback": [
      "\u001b[0;31m---------------------------------------------------------------------------\u001b[0m",
      "\u001b[0;31mNameError\u001b[0m                                 Traceback (most recent call last)",
      "\u001b[0;32m<ipython-input-1-3fb64b86813b>\u001b[0m in \u001b[0;36m<module>\u001b[0;34m()\u001b[0m\n\u001b[0;32m----> 1\u001b[0;31m \u001b[1;32mprint\u001b[0m \u001b[0mwine\u001b[0m\u001b[1;33m[\u001b[0m\u001b[1;36m1\u001b[0m\u001b[1;33m:\u001b[0m\u001b[1;36m7\u001b[0m\u001b[1;33m]\u001b[0m\u001b[1;33m\u001b[0m\u001b[0m\n\u001b[0m",
      "\u001b[0;31mNameError\u001b[0m: name 'wine' is not defined"
     ]
    }
   ],
   "source": [
    "    print wine[1:7]"
   ]
  },
  {
   "cell_type": "markdown",
   "metadata": {
    "collapsed": true
   },
   "source": [
    "As you can see, the first several lines are the variable names and the remainder is comma separated lines of numbers.  \n",
    "\n",
    "(2) Create a file object with open(), and then read in the lines in sequence.  Disregard the first line, read the next 14 in and save the variable names in a list, and save the rest in a list of lists of numbers (each line forms a list by splitting by commas)."
   ]
  },
  {
   "cell_type": "code",
   "execution_count": 70,
   "metadata": {
    "collapsed": false
   },
   "outputs": [
    {
     "name": "stdout",
     "output_type": "stream",
     "text": [
      "['Wine Class', 'Alcohol', 'Malic acid', 'Ash', 'Alcalinity of ash', 'Magnesium', 'Total phenols', 'Flavanoids', 'Nonflavanoid phenols', 'Proanthocyanins', 'Color intensity', 'Hue', 'OD280/OD315 of diluted wines', 'Proline']\n",
      "['1,13.2,1.78,2.14,11.2,100,2.65,2.76,.26,1.28,4.38,1.05,3.4,1050', '1,13.16,2.36,2.67,18.6,101,2.8,3.24,.3,2.81,5.68,1.03,3.17,1185', '1,14.37,1.95,2.5,16.8,113,3.85,3.49,.24,2.18,7.8,.86,3.45,1480', '1,13.24,2.59,2.87,21,118,2.8,2.69,.39,1.82,4.32,1.04,2.93,735', '1,14.2,1.76,2.45,15.2,112,3.27,3.39,.34,1.97,6.75,1.05,2.85,1450', '1,14.39,1.87,2.45,14.6,96,2.5,2.52,.3,1.98,5.25,1.02,3.58,1290']\n"
     ]
    }
   ],
   "source": [
    "with open(\"wine.data.txt\",\"r+\") as wine:\n",
    "    wine = wine.readlines()\n",
    "    wine_name = []\n",
    "    wine_data=[]                     #  1:15 -> 1,...,14\n",
    "    [wine_name.append(i.strip()) for i in wine[1:15]]  #str.strip([chars]); get rid of \"/n\" in the string\n",
    "    [wine_data.append(j.strip())for j in wine[16:]]  # 16\n",
    "print wine_name \n",
    "print wine_data[0:6]"
   ]
  },
  {
   "cell_type": "markdown",
   "metadata": {},
   "source": [
    "(3) Import numpy and save the list of lists as an array object, where the entries are floats."
   ]
  },
  {
   "cell_type": "code",
   "execution_count": 71,
   "metadata": {
    "collapsed": false
   },
   "outputs": [
    {
     "name": "stdout",
     "output_type": "stream",
     "text": [
      "1,13.16,2.36,2.67,18.6,101,2.8,3.24,.3,2.81,5.68,1.03,3.17,1185\n",
      "177\n"
     ]
    }
   ],
   "source": [
    "import numpy as np\n",
    "print type(wine_data) # data type is string\n",
    "# transfer to float\n",
    "wine_data=[x.split(\",\") for x in wine_data]\n",
    "wine_data1 = []\n",
    "for i in range(0,len(wine_data)):\n",
    "    wine_data1.append(map(float,wine_data[i]))\n",
    "wine_data = np.array(wine_data1,dtype=np.float)"
   ]
  },
  {
   "cell_type": "code",
   "execution_count": 75,
   "metadata": {
    "collapsed": false
   },
   "outputs": [
    {
     "data": {
      "text/plain": [
       "(177L, 14L)"
      ]
     },
     "execution_count": 75,
     "metadata": {},
     "output_type": "execute_result"
    }
   ],
   "source": [
    "np.shape(wine_data)"
   ]
  },
  {
   "cell_type": "markdown",
   "metadata": {},
   "source": [
    "(4) Print the sample mean and standard deviations of each column (variable)."
   ]
  },
  {
   "cell_type": "code",
   "execution_count": 79,
   "metadata": {
    "collapsed": false
   },
   "outputs": [
    {
     "name": "stdout",
     "output_type": "stream",
     "text": [
      "[  1.94350282e+00   1.29936723e+01   2.33988701e+00   2.36615819e+00\n",
      "   1.95169492e+01   9.95875706e+01   2.29225989e+00   2.02344633e+00\n",
      "   3.62316384e-01   1.58694915e+00   5.05480225e+00   9.56983051e-01\n",
      "   2.60429379e+00   7.45096045e+02]\n",
      "[  7.71801869e-01   8.06520437e-01   1.11614803e+00   2.74302274e-01\n",
      "   3.32663379e+00   1.41339221e+01   6.24692901e-01   9.95832553e-01\n",
      "   1.24300308e-01   5.69927900e-01   2.31787089e+00   2.28486854e-01\n",
      "   7.03108259e-01   3.13993283e+02]\n"
     ]
    }
   ],
   "source": [
    "mean = np.mean(wine_data,axis=0)\n",
    "print mean\n",
    "sd = np.std(wine_data,axis=0)\n",
    "print sd"
   ]
  },
  {
   "cell_type": "markdown",
   "metadata": {},
   "source": [
    "(5) Normalize the data matrix by subtracting each column mean and divide by the column standard deviation for each column."
   ]
  },
  {
   "cell_type": "code",
   "execution_count": 91,
   "metadata": {
    "collapsed": false
   },
   "outputs": [
    {
     "name": "stdout",
     "output_type": "stream",
     "text": [
      "[[-1.22246766  0.2558245  -0.50162433 -0.8244853  -2.50010962  0.02918011\n",
      "   0.57266556  0.73963607 -0.82313862 -0.53857541 -0.29113022  0.40709978\n",
      "   1.13169801  0.97105248]\n",
      " [-1.22246766  0.20622873  0.01802001  1.10768971 -0.27563874  0.09993188\n",
      "   0.81278355  1.22164481 -0.50133733  2.14597469  0.26972932  0.3195674\n",
      "   0.80457911  1.40099798]]\n"
     ]
    }
   ],
   "source": [
    "wine_data_nor = np.empty([177,14],dtype=float) # create an empty array\n",
    "for i in range(0,14):\n",
    "    wine_data_nor[:,i] = (wine_data[:,i]-mean[i])/sd[i] #forget to put i in mean and sd\n",
    "print wine_data_nor[0:2,:]"
   ]
  },
  {
   "cell_type": "markdown",
   "metadata": {},
   "source": [
    "(6) Save the number of rows of the matrix as n."
   ]
  },
  {
   "cell_type": "code",
   "execution_count": 92,
   "metadata": {
    "collapsed": true
   },
   "outputs": [],
   "source": [
    "n = np.shape(wine_data_nor)[0]\n",
    "print n"
   ]
  },
  {
   "cell_type": "markdown",
   "metadata": {},
   "source": [
    "(7) The correlation matrix of a normalized matrix X can be computed as $$\\frac{1}{n-1}X^\\top X$$  Compute this. "
   ]
  },
  {
   "cell_type": "code",
   "execution_count": 104,
   "metadata": {
    "collapsed": false
   },
   "outputs": [
    {
     "name": "stdout",
     "output_type": "stream",
     "text": [
      "[[ 1.00568182 -0.32306276  0.4386054  -0.04853454  0.51688345 -0.20007397\n",
      "  -0.72201196 -0.85129486  0.4899829  -0.4976985   0.27008808 -0.62119955\n",
      "  -0.79089603 -0.6348137 ]\n",
      " [-0.32306276  1.00568182  0.10053095  0.21216306 -0.30507344  0.26021246\n",
      "   0.28615975  0.23144084 -0.15230593  0.12828549  0.5509959  -0.07580325\n",
      "   0.05774296  0.64471003]\n",
      " [ 0.4386054   0.10053095  1.00568182  0.16589228  0.28777352 -0.04932772\n",
      "  -0.33540671 -0.41164981  0.2931568  -0.21921348  0.25147381 -0.56404063\n",
      "  -0.36880324 -0.19058844]\n",
      " [-0.04853454  0.21216306  0.16589228  1.00568182  0.44923581  0.2887384\n",
      "   0.12890384  0.11473173  0.18841851  0.00812754  0.26011245 -0.07560818\n",
      "   0.00151189  0.22424625]\n",
      " [ 0.51688345 -0.30507344  0.28777352  0.44923581  1.00568182 -0.07211429\n",
      "  -0.31938703 -0.34889322  0.36143713 -0.19186273  0.02059459 -0.27426812\n",
      "  -0.26970941 -0.43933996]\n",
      " [-0.20007397  0.26021246 -0.04932772  0.2887384  -0.07211429  1.00568182\n",
      "   0.20938338  0.18816443 -0.25352343  0.2277909   0.20046953  0.05233807\n",
      "   0.04722811  0.38974352]\n",
      " [-0.72201196  0.28615975 -0.33540671  0.12890384 -0.31938703  0.20938338\n",
      "   1.00568182  0.86895489 -0.45084767  0.61400166 -0.05672183  0.43544754\n",
      "   0.7035412   0.49865642]\n",
      " [-0.85129486  0.23144084 -0.41164981  0.11473173 -0.34889322  0.18816443\n",
      "   0.86895489  1.00568182 -0.53937316  0.65394863 -0.17540153  0.54629393\n",
      "   0.79084004  0.49397111]\n",
      " [ 0.4899829  -0.15230593  0.2931568   0.18841851  0.36143713 -0.25352343\n",
      "  -0.45084767 -0.53937316  1.00568182 -0.36533247  0.14098899 -0.26319569\n",
      "  -0.50471089 -0.31064082]\n",
      " [-0.4976985   0.12828549 -0.21921348  0.00812754 -0.19186273  0.2277909\n",
      "   0.61400166  0.65394863 -0.36533247  1.00568182 -0.0272659   0.29606963\n",
      "   0.51633234  0.32758224]\n",
      " [ 0.27008808  0.5509959   0.25147381  0.26011245  0.02059459  0.20046953\n",
      "  -0.05672183 -0.17540153  0.14098899 -0.0272659   1.00568182 -0.52558486\n",
      "  -0.43821979  0.31742548]\n",
      " [-0.62119955 -0.07580325 -0.56404063 -0.07560818 -0.27426812  0.05233807\n",
      "   0.43544754  0.54629393 -0.26319569  0.29606963 -0.52558486  1.00568182\n",
      "   0.57061911  0.23621383]\n",
      " [-0.79089603  0.05774296 -0.36880324  0.00151189 -0.26970941  0.04722811\n",
      "   0.7035412   0.79084004 -0.50471089  0.51633234 -0.43821979  0.57061911\n",
      "   1.00568182  0.30777012]\n",
      " [-0.6348137   0.64471003 -0.19058844  0.22424625 -0.43933996  0.38974352\n",
      "   0.49865642  0.49397111 -0.31064082  0.32758224  0.31742548  0.23621383\n",
      "   0.30777012  1.00568182]]\n"
     ]
    }
   ],
   "source": [
    "wine_data_cor = np.empty([177,14],dtype=np.float64) # create an empty array\n",
    "# matrice multiply X%*%y: X.dot(y)  transpose of X: X.T\n",
    "wine_data_cor = wine_data_nor.T.dot(wine_data_nor)/(n-1)  \n",
    "print wine_data_cor"
   ]
  },
  {
   "cell_type": "markdown",
   "metadata": {},
   "source": [
    "(8) Use the following code to print an image that corresponds to the correlation matrix."
   ]
  },
  {
   "cell_type": "code",
   "execution_count": 106,
   "metadata": {
    "collapsed": false
   },
   "outputs": [
    {
     "data": {
      "image/png": "iVBORw0KGgoAAAANSUhEUgAAAP8AAAD8CAYAAAC4nHJkAAAABHNCSVQICAgIfAhkiAAAAAlwSFlz\nAAALEgAACxIB0t1+/AAAEDBJREFUeJzt3XuM1fWZx/H3MzeQGWC4yHVAUFgpobgaYtQ2YgQVKRHT\nGBezurolpcZesDFpMCZtNv1nk3Ybm10vBbWSlmg2SCkltkLVSpuIqw7G5SYgF5kZbgWBAYSZYZ79\n4xyacXaB4/f7O78Z9vt5JWTmDL9nnu9Mzmd+5/Y9j7k7IpKeip5egIj0DIVfJFEKv0iiFH6RRCn8\nIolS+EUSpfCLJErhF0mUwi+SqKo8mw0dXOnjxlQH129pujy4tmJoe3AtQHtr+Lr7DTwd1fv04b7B\ntdVHz0T19vaOqPqKq8OvYp3N4b9zgLZh4bV9WjqjetMWcX2rCf+5P2s/RlvHKSvl2FzDP25MNf/1\n2pjg+hsfezi4tt/8luBagJZ1DcG119yxNar3R8smBdeOWvFxVO+O/Qei6i9bMjy49uQPR0X13vNw\neIAn/PizqN6+pzm41hpGBte+vfvFko/VzX6RRCn8IomKCr+ZzTKzj8xsh5ktympRIlJ+weE3s0rg\nKeBOYDJwn5lNzmphIlJeMWf+64Ed7r7T3duAl4G52SxLRMotJvyjgb1dLjcVvyYil4CyP+BnZgvM\n7D0ze+/Q4bPlbiciJYoJfzPQ9Un7huLXPsfdF7v7NHefdvmQyoh2IpKlmPC/C0w0s/FmVgPMA1Zl\nsywRKbfgV/i5e4eZfQd4DagEXnD3TZmtTETKKurlve7+KvBqRmsRkRzpFX4iiVL4RRKl8IskyvKc\n2FM7ZIxPmfVocP3b//ZscO2Vy78VXAvAgPB97cP+GLcv/fDs8PcDqKiM25fe0Rb39Gxd42XBtccn\nxr2XwK3XbQ6uXb9qalTvM4PDf+8P3LYuuHbJvLdo2XS0pP38OvOLJErhF0mUwi+SKIVfJFEKv0ii\nFH6RRCn8IolS+EUSpfCLJErhF0mUwi+SKIVfJFEKv0iiFH6RROU6pbdiaHvUtNyYbbk77/lFcC3A\n+NXfDK49etfJqN5VG/sH1w7aFrelt/pEXP2Bf2oNrh30Rl1U77fqJwTXTlhzPKr3iStqg2tX7r4l\nuPboXxtLPlZnfpFEKfwiiVL4RRKl8IskKmZE9xgze9PMNpvZJjNbmOXCRKS8Yh7t7wAec/dGM+sP\nvG9ma909/F0TRSQ3wWd+d9/n7o3Fz1uBLWhEt8glI5P7/GY2DrgWeOf/+L+/jehuP3oqi3YikoHo\n8JtZHfAK8Ki7/69XRnQd0V1d3y+2nYhkJCr8ZlZNIfjL3H1FNksSkTzEPNpvwPPAFnf/WXZLEpE8\nxJz5vwI8ANxqZh8U/83OaF0iUmbBT/W5+1+AkmaCiUjvo1f4iSRK4RdJVK77+dtbq2lZ1xD+Da48\nE1wasx8fYNecJcG1d2yZE9V7z5Tw2n0jwkdkA1hn3D07b+0TXNs5Nqp11H3SvbcPiOrdUevBte1j\nwkeyn11del+d+UUSpfCLJErhF0mUwi+SKIVfJFEKv0iiFH6RRCn8IolS+EUSpfCLJErhF0mUwi+S\nKIVfJFEKv0iict3S22/gaa65Y2tw/e5n/i64NnZMdsy23Ne+tDqq9+SnHgmuHbErbsR2RUdUOacf\nCB913dk4NKr3yYrw7cy1LeFbcgE8Yj9x3Z8rg2sPHy79WJ35RRKl8IskSuEXSZTCL5KoLMZ1VZrZ\nBjOLe1RLRHKVxZl/IYUJvSJyCYmd1dcAfA14LpvliEheYs/8TwI/AM77ZHLXEd1nPg1/S2IRyVbM\noM45wEF3f/9Cx3Ud0d1nUN/QdiKSsdhBnXeZ2W7gZQoDO3+dyapEpOyCw+/uj7t7g7uPA+YBb7j7\n/ZmtTETKSs/ziyQqk4097v4n4E9ZfC8RyYfO/CKJUvhFEpXrfv7Th/vy0bJJwfUnZp8Krq3a2D+4\nFuLGZMfsxwfY/O2ng2uvXDM/qrefjRvRPWTlkODaY9PjXhfiHeHntiOV1VG9LeLtAKruPRJc27nj\nbMnH6swvkiiFXyRRCr9IohR+kUQp/CKJUvhFEqXwiyRK4RdJlMIvkiiFXyRRCr9IohR+kUQp/CKJ\nUvhFEpXrlt7qo2cYteLj4Pod04cH1w7aFjeqet+I8HHPsWOyY7bl7rz9+ajeH7bFbatd+J/fCa6d\n8eXGqN6/W3FTcO3I6U1Rvb8+akNw7ZuHrw6u3VahLb0ichEKv0iiFH6RRCn8IomKHdRZb2bLzWyr\nmW0xsxuzWpiIlFfso/0/B/7g7veYWQ3QL4M1iUgOgsNvZgOBm4GHANy9DWjLZlkiUm4xN/vHA4eA\nX5rZBjN7zsxqux/UdUR3W+dnEe1EJEsx4a8CrgOecfdrgZPAou4HdR3RXVMR/kIZEclWTPibgCZ3\nf6d4eTmFPwYicgmIGdG9H9hrZudeizgD2JzJqkSk7GIf7f8usKz4SP9O4J/jlyQieYgKv7t/AEzL\naC0ikiO9wk8kUQq/SKJy3c/v7R107D8QXN/RNiq4tvpE3J566wwfVV3REdU6akx27H78qTV9o+qr\nj7cH1/avjFt7zbHw2rF1n0b1HldzKLi208PH2H+RyeA684skSuEXSZTCL5IohV8kUQq/SKIUfpFE\nKfwiiVL4RRKl8IskSuEXSZTCL5IohV8kUQq/SKIUfpFEKfwiiTL3L7IDOE79pGF+85J7g+t3rbwq\nuPbMja3BtQBnWvsE1w4edjyqt60cElzbvyl8Pz3E7ccHWPPK0uDar373W1G9m2eGX7eHvlsZ1bt+\ne/h7EbSODb+ubXr1SU4e3lvSG0DozC+SKIVfJFEKv0iiYkd0f9/MNpnZRjN7yczi3vBNRHITHH4z\nGw18D5jm7lOASmBeVgsTkfKKvdlfBVxmZlVAP6AlfkkikoeYWX3NwE+BT4B9wDF3X9P9uM+N6D6q\nEd0ivUXMzf5BwFxgPDAKqDWz+7sf97kR3fUa0S3SW8Tc7J8J7HL3Q+7eDqwAbspmWSJSbjHh/wS4\nwcz6mZlRGNG9JZtliUi5xdznfwdYDjQC/138XoszWpeIlFnsiO4fAT/KaC0ikiO9wk8kUQq/SKJy\nHdHd2VzNyR+Gj9k+/g/hs64HvVEXXAvQOTaitnFoVO9j08O3h874cmNU79gx2THbcv/y77+I6j1p\nySPBtSfujNsCftX85uDa/QdHBNd2vn225GN15hdJlMIvkiiFXyRRCr9IohR+kUQp/CKJUvhFEqXw\niyRK4RdJlMIvkiiFXyRRCr9IohR+kUQp/CKJUvhFEpXrfv62YbDn4c7g+lvHbw6ufat+QnAtQEkz\nj8/jZEXcW5Z7R/jf6N+tiHtD5ZpjUeUcmxn+Hgwx+/EBtn7z6eDa2+95MKr3gQHh4+R9wamo3qXS\nmV8kUQq/SKIUfpFEXTT8ZvaCmR00s41dvjbYzNaa2fbix0HlXaaIZK2UM/+LwKxuX1sEvO7uE4HX\ni5dF5BJy0fC7+zrgSLcvzwWWFj9fCtyd8bpEpMxC7/MPd/d9xc/3A8PPd2DXEd1nj58MbCciWYt+\nwM/dHfAL/P/fRnRXDqiNbSciGQkN/wEzGwlQ/HgwuyWJSB5Cw78KOPcSqAeB32azHBHJSylP9b0E\nvA1cbWZNZjYf+FfgNjPbDswsXhaRS8hFX9vv7ved579mZLwWEcmRXuEnkiiFXyRRuW7p7dPSyYQf\nfxZcv/7uqcG1E9YcD64F2Hv7gODa2pbzPhNakiOV1cG1I6c3RfUeW/dpVP3GxVOCa2PHZMdsy12z\nfOnFD7qAR5pvCK79ZOuXgms7O0vffK4zv0iiFH6RRCn8IolS+EUSpfCLJErhF0mUwi+SKIVfJFEK\nv0iiFH6RRCn8IolS+EUSpfCLJErhF0mUwi+SqFz389PWju9pDi4/M3hwcO2JK+LeNryjNnxPvsfM\n9wYs4u0Avj5qQ1TvcTWHouqbtoePRr9qfvh1BeLGZMfsxwd4evT64NrJe8J/Z1ZR+pVFZ36RRCn8\nIolS+EUSFTqi+ydmttXMPjSz35hZfXmXKSJZCx3RvRaY4u5TgW3A4xmvS0TKLGhEt7uvcfeO4sX1\nQEMZ1iYiZZTFff5vAL/P4PuISI6inuc3syeADmDZBY5ZACwA6Gsa0S3SWwSH38weAuYAM9z9vK8s\ncPfFwGKAgZVD46ZXiEhmgsJvZrOAHwDT3f1UtksSkTyEjuj+D6A/sNbMPjCzZ8u8ThHJWOiI7ufL\nsBYRyZFe4SeSKIVfJFH5bumtqcYaRgaXP3DbuuDalbtvCa4FaB9zOri27s+VUb2r7j1y8YPO483D\nV0f17vRJUfWtY/sE1+4/OCKqty8Ifyw6Zkw2xG3L3XzTr4Nrr68t/bqiM79IohR+kUQp/CKJUvhF\nEqXwiyRK4RdJlMIvkiiFXyRRCr9IohR+kUQp/CKJUvhFEqXwiyRK4RdJlMIvkii7wBvvZt/M7BCw\n5wKHDAX+mtNy1Fu9/z/2vsLdLy/lwFzDfzFm9p67T1Nv9Vbv8tPNfpFEKfwiiept4V+s3uqt3vno\nVff5RSQ/ve3MLyI56RXhN7NZZvaRme0ws0U59h1jZm+a2WYz22RmC/Pq3WUNlWa2wcxW59y33syW\nm9lWM9tiZjfm2Pv7xd/3RjN7ycz6lrnfC2Z20Mw2dvnaYDNba2bbix8H5dj7J8Xf+4dm9hszqy9H\n74vp8fCbWSXwFHAnMBm4z8wm59S+A3jM3ScDNwDfzrH3OQuBLTn3BPg58Ad3nwRck9cazGw08D1g\nmrtPASqBeWVu+yIwq9vXFgGvu/tE4PXi5bx6rwWmuPtUYBvweJl6X1CPhx+4Htjh7jvdvQ14GZib\nR2N33+fujcXPWykEYHQevQHMrAH4GvBcXj2LfQcCN1Ocuejube5+NMclVAGXmVkV0A9oKWczd18H\ndJ9mMRdYWvx8KXB3Xr3dfY27dxQvrgcaytH7YnpD+EcDe7tcbiLHAJ5jZuOAa4F3cmz7JIVR5505\n9gQYDxwCflm8y/GcmdXm0djdm4GfAp8A+4Bj7r4mj97dDHf3fcXP9wPDe2ANAN8Aft8TjXtD+Huc\nmdUBrwCPuvvxnHrOAQ66+/t59OumCrgOeMbdrwVOUr6bvZ9TvG89l8IfoFFArZndn0fv8/HCU165\nP+1lZk9QuOu5LO/e0DvC3wyM6XK5ofi1XJhZNYXgL3P3FXn1Bb4C3GVmuync1bnVzMKHtH0xTUCT\nu5+7lbOcwh+DPMwEdrn7IXdvB1YAN+XUu6sDZjYSoPjxYJ7NzewhYA7wj95Dz7f3hvC/C0w0s/Fm\nVkPhwZ9VeTQ2M6Nwv3eLu/8sj57nuPvj7t7g7uMo/MxvuHsuZ0B33w/sNbNzUzxnAJvz6E3h5v4N\nZtav+PufQc884LkKeLD4+YPAb/NqbGazKNzdu8vdw6eJxnL3Hv8HzKbwqOfHwBM59v0qhZt7HwIf\nFP/N7oGf/xZgdc49/x54r/izrwQG5dj7X4CtwEbgV0CfMvd7icLjC+0UbvXMB4ZQeJR/O/BHYHCO\nvXdQeJzr3HXu2byvc+6uV/iJpKo33OwXkR6g8IskSuEXSZTCL5IohV8kUQq/SKIUfpFEKfwiifof\nN6CyFo6oUhgAAAAASUVORK5CYII=\n",
      "text/plain": [
       "<matplotlib.figure.Figure at 0x78b82b0>"
      ]
     },
     "metadata": {},
     "output_type": "display_data"
    }
   ],
   "source": [
    "from matplotlib import pyplot as plt\n",
    "plt.imshow(wine_data_cor)  #heatmap\n",
    "plt.show()"
   ]
  },
  {
   "cell_type": "markdown",
   "metadata": {},
   "source": [
    "The following computes F-scores for individual ANOVAs for each variable by class.  If you get finished early try to figure out what's going on."
   ]
  },
  {
   "cell_type": "code",
   "execution_count": null,
   "metadata": {
    "collapsed": false
   },
   "outputs": [],
   "source": [
    "N = np.array([(X[:,0] == i+1).sum() for i in range(3)])\n",
    "V = np.array([X[X[:,0] == i+1,1:].var(axis=0) for i in range(3)])\n",
    "M = np.array([X[X[:,0] == i+1,1:].mean(axis=0) for i in range(3)])\n",
    "Bvar = (((M - X[:,1:].mean(axis=0))**2.).T * N).sum(axis=1) / 2\n",
    "Wvar = (V.T * (N-1)).sum(axis=1) / (n - 3)\n",
    "F = Bvar / Wvar"
   ]
  },
  {
   "cell_type": "code",
   "execution_count": null,
   "metadata": {
    "collapsed": false
   },
   "outputs": [],
   "source": [
    "print F"
   ]
  }
 ],
 "metadata": {
  "anaconda-cloud": {},
  "kernelspec": {
   "display_name": "Python [conda env:ipykernel_py2]",
   "language": "python",
   "name": "conda-env-ipykernel_py2-py"
  },
  "language_info": {
   "codemirror_mode": {
    "name": "ipython",
    "version": 2
   },
   "file_extension": ".py",
   "mimetype": "text/x-python",
   "name": "python",
   "nbconvert_exporter": "python",
   "pygments_lexer": "ipython2",
   "version": "2.7.13"
  }
 },
 "nbformat": 4,
 "nbformat_minor": 1
}
